iteration rank sample exp_fac mos_mov exp_coef num_mos mean median stdev max skewness mc 
6 0 662 42.0963 0.886039 -1.19678 68.0208 64.8417 32.0495 75.8909 256.653 1.1255 0.242424
6 1 2835 47.8693 0.558933 -0.27585 71.3842 67.161 36.2666 63.0719 228.195 1.2811 0.212121
6 2 1672 26.0958 0.4234 -1.26422 66.1631 40.5322 20.9999 43.3479 169.882 1.27707 0.242424
6 3 4343 15.8238 0.905025 -1.17151 62.5492 92.5409 39.5309 119.844 470.953 1.6029 0.272727
6 4 4692 28.4769 0.555376 -1.07655 74.9043 93.9987 24.7358 134.74 521.224 1.67992 0.212121
6 5 4633 31.3883 0.290855 -0.473635 65.5542 48.7141 37.1566 38.2131 155.01 1.40753 0.212121
6 6 873 47.934 0.498987 -0.503474 66.9898 47.6034 33.5621 40.1237 180.441 1.46126 0.212121
6 7 3901 43.3909 0.596835 0.269571 47.7918 55.2 45.3244 32.6377 152.382 1.36222 0.212121
6 8 3562 33.8338 0.652878 -0.111006 61.0177 83.9866 55.2424 72.7032 320.519 1.62908 0.212121
6 9 1740 57.2287 0.308724 1.01935 41.2467 53.9009 41.4526 31.2071 139.82 1.30314 0.212121
6 10 2472 54.4926 0.459142 0.800059 40.0499 50.564 40.9333 28.7049 146.175 1.39699 0.212121
6 11 3501 40.5685 0.215213 0.547877 56.912 69.0283 56.7823 45.0607 180.824 1.45261 0.212121
6 12 2950 30.5011 0.46561 -0.222813 65.8792 85.3373 67.0536 64.1815 263.279 1.21618 0.242424
6 13 3419 30.786 0.365369 0.59908 39.4538 60.5286 49.8571 28.8434 155.476 1.26632 0.212121
6 14 4802 48.5575 0.718973 1.32064 26.3853 58.1968 51.2489 26.402 146.901 1.38021 0.212121
6 15 3371 44.3591 0.36848 0.619852 43.9879 51.8414 46.198 26.8767 135.286 1.43987 0.212121
6 16 114 40.5433 0.0884851 0.891731 58.8652 66.2501 57.1891 34.5492 165.462 1.35684 0.212121
6 17 4667 54.3965 0.379479 0.993565 35.2321 47.2205 42.069 23.1341 123.912 1.40221 0.212121
6 18 2777 59.9548 0.765102 -0.960434 70.7111 48.7937 23.6658 57.4907 235.943 1.58169 0.212121
6 19 4281 49.6208 0.399328 0.341123 56.6595 60.41 50.5798 42.2547 208.536 1.58914 0.212121
6 20 3705 54.5894 0.696779 0.00057411 47.4377 35.3983 26.2869 20.0182 90.6496 1.37938 0.242424
6 21 4465 49.5525 0.278246 0.597399 47.9378 47.2772 42.772 24.9953 134.55 1.4688 0.212121
6 22 963 48.5241 0.0543377 0.982439 61.0629 50.5834 43.8155 21.9862 117.613 1.28138 0.212121
6 23 563 28.5989 0.308742 0.465826 40.286 54.0746 49.1999 23.3033 119.637 1.36957 0.212121
6 24 4388 58.7268 0.928067 0.418007 40.2184 41.1055 31.1263 24.9669 123.252 1.27503 0.212121
6 25 4177 48.1898 0.475322 0.822646 34.9525 44.6589 40.2424 20.1964 107.805 1.32417 0.212121
6 26 2776 40.7689 0.418428 0.212029 61.0379 73.1273 60.3777 48.8199 206.923 1.21713 0.212121
6 27 1691 39.3861 0.141306 0.547302 52.4882 48.1995 42.7439 20.7211 112.224 1.43967 0.212121
6 28 2585 38.0763 0.670486 -1.2852 70.1539 50.7794 10.7059 70.7878 267.951 1.61888 0.242424
6 29 1344 47.258 0.120218 1.32742 41.8981 64.9121 57.5322 31.4874 172.904 1.49203 0.212121
6 30 1570 33.0292 0.517353 0.354982 45.3611 66.6023 60.4719 33.7274 175.777 1.30476 0.212121
6 31 4756 42.0689 0.639523 0.314715 43.7248 49.6298 44.9021 25.4135 122.32 1.20535 0.212121
6 32 1400 57.182 0.279651 0.341344 53.7343 39.5026 27.2499 22.805 104.847 1.31322 0.212121
6 33 3271 41.4818 0.913913 1.16217 26.9843 60.2195 55.0612 25.6134 152.573 1.48836 0.212121
6 34 95 24.7834 0.502906 -0.773334 62.9244 54.5862 44.0997 44.9193 200.815 1.32501 0.272727
6 35 1508 49.2988 0.784018 0.685005 32.2538 38.6369 35.9575 15.5688 92.6209 1.36412 0.212121
6 36 339 56.532 0.413418 0.603309 44.1985 45.8827 36.8015 25.0638 112.816 1.16424 0.212121
6 37 1692 58.451 0.48942 0.0345588 64.2136 55.3674 36.032 46.4556 177.78 1.43238 0.272727
6 38 2388 33.7005 0.399278 0.356348 35.6638 32.9323 30.5905 11.4998 68.3601 1.19973 0.242424
6 39 4937 38.1993 0.28695 1.03532 36.9585 64.7325 52.065 29.5063 150.332 1.15301 0.212121
6 40 2498 50.0076 0.581776 0.504282 48.5694 61.9588 51.9114 43.964 205.993 1.65738 0.212121
6 41 1675 40.0327 0.485074 -0.266375 66.9111 65.0651 51.6795 50.3111 205.291 1.30237 0.272727
6 42 613 34.6792 0.715737 0.0778193 61.7231 100.749 59.4601 97.5654 426.345 1.74617 0.212121
6 43 3044 42.9465 0.699199 -0.668314 64.9529 54.2646 44.1394 44.6305 175.915 0.964985 0.242424
6 44 981 49.3472 0.410981 0.234947 55.892 55.7207 38.8948 37.4846 153.879 1.23145 0.272727
6 45 4250 25.6667 0.831837 -0.475754 57.5406 76.6777 55.0573 55.8092 242.375 1.20117 0.272727
6 46 3923 55.2004 0.346323 -0.280598 64.6142 40.3138 28.5468 33.1816 140.49 1.57288 0.212121
6 47 69 37.3546 0.533808 0.336334 41.8143 48.1312 40.0763 20.2166 110.276 1.13552 0.212121
6 48 3579 41.0305 0.839595 1.25384 26.9382 66.2468 57.0492 32.118 181.844 1.61164 0.212121
6 49 3035 40.5972 0.377124 0.00765079 64.012 68.4105 44.705 49.6281 230.566 1.5339 0.272727
6 50 3386 46.4589 0.307737 0.693222 45.9643 54.6486 45.7035 31.6459 168.587 1.65019 0.212121
6 51 3984 42.9913 0.6856 -0.847057 63.9199 44.9581 27.1444 46.4028 178.031 1.46277 0.272727
6 52 349 59.7348 0.853595 0.684753 32.218 34.3461 28.9638 15.9786 81.5762 1.43527 0.212121
6 53 4251 22.7762 0.276797 -0.0835405 62.927 83.4716 66.9576 53.8768 248.562 1.6164 0.212121
6 54 4048 55.7382 0.981813 -0.5351 59.0315 38.1425 19.4009 39.6006 150.855 1.55138 0.212121
6 55 2040 46.0182 0.273357 1.27672 26.696 42.7232 39.674 12.2687 81.9026 1.17633 0.212121
6 56 3801 55.8484 0.0728357 0.936069 61.603 48.8854 39.941 27.6912 140.338 1.64331 0.212121
6 57 3108 29.2726 0.598344 1.03909 27.2999 67.3965 60.5457 23.6206 140.849 1.22208 0.212121
6 58 441 45.0088 0.83516 -0.649294 70.0344 69.8889 37.1538 79.0544 316.348 1.68064 0.272727
6 59 4925 55.1205 0.33836 1.28907 26.8046 39.145 35.2263 13.9554 80.4165 1.15784 0.212121
6 60 1098 44.0505 0.753669 0.212624 46.2037 53.5001 44.0357 33.3703 146.254 1.22849 0.272727
6 61 2948 45.7632 0.292894 1.05559 28.8354 35.9745 34.1868 9.62705 66.2828 1.20788 0.212121
6 62 4081 57.9771 0.134224 0.93822 52.5666 49.9537 39.7107 28.5897 132.575 1.33551 0.272727
6 63 4833 51.0103 0.568336 0.903851 34.8881 49.5932 39.6038 26.3046 145.109 1.65664 0.212121
6 64 4262 49.6952 0.857547 0.396197 40.8348 45.7728 35.0215 28.7663 114.835 1.30911 0.272727
6 65 3316 49.4129 0.422701 0.421316 46.2832 45.908 35.3978 27.6656 125.84 1.36074 0.272727
6 66 4974 30.8235 0.807451 -0.059958 52.4489 75.7456 57.6438 48.481 189.49 1.2604 0.272727
6 67 1385 56.6029 0.965378 0.858097 26.9824 30.1576 27.0403 10.7842 63.773 1.23301 0.212121
6 68 4288 44.635 0.300935 0.871798 36.0201 46.0457 41.1626 17.3926 99.7239 1.09311 0.212121
6 69 1211 50.9143 0.186257 0.879309 47.3205 52.4122 44.9749 27.1418 140.771 1.3186 0.272727
6 70 4306 52.282 0.463912 0.289945 42.1455 32.1396 29.5221 11.6456 66.6341 1.05443 0.242424
6 71 3588 50.0525 0.459334 0.954943 40.5558 64.6976 46.9599 41.2716 203.375 1.54006 0.272727
6 72 1710 57.662 0.458794 0.0157772 57.8302 41.148 30.4554 26.8958 118.033 1.36521 0.272727
6 73 507 25.821 0.78657 0.872174 31.2218 87.5075 71.567 38.4796 213.713 1.27925 0.212121
6 74 4645 46.1413 0.832712 -0.287001 67.818 74.0125 42.596 75.9785 307.438 1.69741 0.272727
6 75 4215 44.941 0.708927 0.396209 41.9958 49.5242 41.3269 27.4692 132.06 1.68436 0.212121
6 76 3576 56.0192 0.757182 1.18888 29.1118 51.6533 45.9221 25.7366 133.248 1.3037 0.272727
6 77 2279 33.5899 0.271967 0.550957 47.8605 66.8634 52.2418 33.539 177.698 1.4373 0.272727
6 78 1112 44.7967 0.509344 0.561616 40.2194 49.2903 42.6317 24.5258 119.069 1.252 0.272727
6 79 1158 49.1142 0.053428 1.19479 61.8181 63.109 52.4327 33.7424 163.663 1.40688 0.272727
6 80 268 31.0786 0.596507 -0.163523 64.0738 93.1991 69.6107 77.9779 336.96 1.39021 0.272727
6 81 3944 45.5938 0.200586 0.843068 44.9825 51.9508 44.2918 25.3134 130.654 1.38129 0.272727
6 82 1739 44.7841 0.11144 1.11687 39.6686 46.677 42.8013 15.0119 92.588 1.08448 0.212121
6 83 4895 43.1426 0.699228 0.010505 47.8124 44.038 36.0246 25.53 113.123 1.03174 0.212121
6 84 1076 45.8459 0.0888633 0.921028 52.2703 50.9677 43.51 22.5164 125.882 1.35784 0.272727
6 85 1366 22.28 0.886018 -0.305373 54.7109 97.3715 69.7339 78.5876 353.677 1.41449 0.272727
6 86 1715 45.8834 0.529353 0.210619 52.0154 57.0536 41.2142 42.3511 205.246 1.76131 0.212121
6 87 1836 55.1749 0.0395745 1.02078 72.6149 49.3011 40.4859 24.9926 129.88 1.43373 0.272727
6 88 992 35.097 0.101477 0.534151 58.759 54.7437 47.3896 23.4933 124.205 1.04431 0.212121
6 89 2393 55.7476 0.213582 0.705066 51.7428 49.5564 35.2426 31.4743 140.703 1.50614 0.272727
6 90 1807 58.1377 0.316451 0.222053 55.1806 38.2145 29.1133 21.7728 101.686 1.25632 0.272727
6 91 1701 46.3241 0.774623 0.85127 35.3836 59.3473 51.4726 33.1677 170.116 1.45129 0.272727
6 92 4862 48.7581 0.393418 0.928436 35.1375 48.3193 41.2364 21.856 120.309 1.20062 0.272727
6 93 135 49.801 0.531121 0.974477 35.3304 55.1939 45.754 30.9581 156.831 1.48717 0.272727
6 94 4174 46.6006 0.620686 -0.631345 69.9881 52.6775 32.9079 59.9961 260.503 1.78666 0.212121
6 95 1088 35.2129 0.931473 -1.54269 73.7959 76.6442 6.04654 128.434 459.422 1.72325 0.212121
6 96 3477 56.8708 0.223543 1.40266 32.555 51.6082 44.6131 23.3977 130.212 1.40889 0.272727
6 97 948 49.1806 0.667882 0.805015 27.1622 30.5015 28.9951 8.97432 57.6315 1.15276 0.212121
6 98 661 54.6611 0.948179 0.774127 33.8419 44.2167 39.5347 23.079 118.092 1.40732 0.272727
6 99 3942 53.4732 0.580346 0.789582 36.4696 46.1812 38.1174 26.2555 143.638 1.702 0.212121
6 100 2341 40.6619 0.441776 0.811177 36.0662 56.5222 46.7775 28.7346 152.296 1.48365 0.272727
6 101 1995 51.1617 0.219039 1.67369 31.658 75.1966 64.5117 40.8704 224.449 1.70174 0.212121
6 102 1171 48.6026 0.143417 0.956643 43.0329 45.8397 40.8381 18.6534 106.932 1.34098 0.272727
6 103 4211 32.722 0.49689 0.368666 35.9909 36.911 32.1604 12.7299 78.2784 1.08069 0.212121
6 104 4864 47.241 0.363715 -0.298433 65.754 44.6203 34.1278 32.9098 144.581 1.51896 0.272727
6 105 2495 49.2076 0.294788 0.911466 36.9039 44.0939 40.8742 18.4617 105.588 1.28196 0.272727
6 106 2653 44.6118 0.591755 0.937509 38.1082 71.7568 60.3824 46.7925 203.43 1.45962 0.272727
6 107 1522 52.6212 0.332723 1.20226 32.6811 50.2337 45.2513 22.4577 127.592 1.41577 0.272727
6 108 1122 39.1246 0.784859 -0.148355 55.6013 65.3275 56.6086 43.5165 228.896 1.53423 0.272727
6 109 538 53.6707 0.715957 1.33236 26.2503 52.8533 47.8564 25.8502 136.906 1.44759 0.272727
6 110 1525 54.9296 0.769779 0.940154 29.1218 39.1769 36.1026 16.1932 94.5387 1.28563 0.272727
6 111 3852 59.8103 0.0925717 1.76179 30.4255 55.3297 50.0654 20.9247 124.702 1.30942 0.272727
6 112 1053 59.11 0.061268 1.49781 43.3441 51.3064 46.506 21.0302 114.587 1.21314 0.272727
6 113 1699 57.2053 0.681341 0.591318 36.9367 36.3326 34.3124 17.232 93.737 1.33821 0.272727
6 114 2797 49.5493 0.170719 1.53117 29.2501 56.2262 51.1121 21.2252 127.093 1.34294 0.272727
6 115 3672 52.0007 0.353303 0.825236 34.9412 36.7968 33.8128 13.8154 75.247 1.05609 0.212121
6 116 2856 39.6652 0.765047 -0.0667607 50.9581 54.8667 42.9703 33.2203 139.497 1.05056 0.272727
6 117 2007 30.7462 0.840195 -2.0579 64.353 35.4324 2.72958 58.1802 182.341 1.49644 0.212121
6 118 1770 36.9622 0.884764 1.16029 27.7269 71.5894 59.9011 35.2169 177.784 1.39968 0.272727
6 119 3089 41.892 0.0853045 0.284593 63.295 35.045 32.3658 12.8947 76.3503 1.05787 0.212121
6 120 3476 43.3251 0.612767 0.271922 40.8001 38.0588 33.5089 17.2565 91.1406 1.18516 0.272727
6 121 2626 57.3536 0.34299 0.989845 42.6051 56.8479 44.7335 37.4656 178.385 1.77629 0.212121
6 122 215 55.4106 0.039362 1.45633 57.5523 60.1913 51.44 29.2926 162.553 1.50158 0.272727
6 123 345 43.9891 0.385895 1.39835 29.2725 69.2956 58.4254 33.3336 180.931 1.44728 0.272727
6 124 4233 30.0192 0.986712 0.594806 40.1662 94.4121 66.7742 67.7332 315.725 1.77608 0.212121
6 125 1888 45.149 0.0874851 1.28972 45.519 63.7993 57.578 28.2623 157.669 1.29611 0.272727
6 126 1160 45.3753 0.147549 1.45287 33.1625 63.1672 55.5922 26.8361 148.328 1.23496 0.272727
6 127 819 55.0721 0.0495126 1.2417 53.9477 47.5282 42.4346 19.545 104.935 1.15565 0.272727
6 128 1446 37.6814 0.28364 0.911916 35.5344 52.755 49.2275 19.273 118.528 1.22825 0.272727
6 129 2030 29.6615 0.609598 0.877879 33.3869 81.039 66.9457 37.0546 181.193 1.10536 0.212121
6 130 2975 40.8924 0.484438 -0.212515 55.2266 42.6631 33.5387 29.4593 122.051 1.0434 0.272727
6 131 3083 55.1252 0.136484 1.27416 39.3165 50.6004 44.7053 22.838 131.153 1.48865 0.272727
6 132 3729 44.3275 0.663662 -0.105009 45.8871 32.687 31.2025 16.3615 86.828 1.23024 0.272727
6 133 1782 45.0978 0.503662 0.959416 35.2325 60.2161 47.2864 32.8069 175.706 1.57239 0.272727
6 134 639 37.8695 0.121678 1.2459 41.4499 72.9876 61.2342 34.3842 180.438 1.38271 0.272727
6 135 1948 38.8377 0.456966 1.24839 26.9271 58.1568 52.6462 21.1382 123.283 1.24921 0.272727
6 136 4172 43.0276 0.748852 0.486922 45.4173 68.2674 56.7574 42.7115 219.38 1.56522 0.272727
6 137 90 38.6551 0.219515 0.525789 45.5337 45.7488 44.3896 19.139 114.834 1.44262 0.272727
6 138 3805 33.6268 0.0416245 1.48463 49.0861 88.1175 77.9014 36.9497 210.213 1.43315 0.212121
6 139 2875 33.6258 0.535204 0.772293 37.1762 72.9285 61.2418 40.6942 205.997 1.48554 0.272727
6 140 4453 37.6208 0.91619 0.262893 36.5229 39.7218 37.9659 15.4738 93.109 1.17264 0.272727
6 141 467 41.5052 0.250407 1.23812 30.5254 54.6446 47.865 20.0489 113.67 1.16077 0.272727
6 142 4678 41.0545 0.592084 1.01273 25.5983 41.0701 38.1225 11.5451 78.4687 1.2493 0.272727
6 143 3550 55.3627 0.187459 -0.109595 71.9125 36.5441 29.1188 23.1583 108.67 1.472 0.272727
6 144 3427 47.4481 0.895255 0.208001 53.0146 68.1463 45.093 55.2126 255.346 1.843 0.212121
6 145 357 48.6519 0.311022 1.39958 26.949 50.5317 47.5323 17.5885 105.032 1.20097 0.272727
6 146 3156 55.1597 0.0326625 1.30883 54.5979 43.1265 38.6418 14.9562 84.6947 1.16807 0.272727
6 147 2404 27.658 0.322097 -0.370025 71.8195 79.8198 59.6806 57.4881 241.842 1.04159 0.272727
6 148 4681 49.7973 0.361208 1.07347 28.625 37.4992 35.7162 12.3602 75.8063 1.23201 0.272727
6 149 3183 51.2217 0.173768 1.65676 34.4492 76.6399 66.9142 43.7682 235.706 1.73587 0.212121
6 150 286 45.7708 0.461588 1.23876 29.1303 57.8791 48.7057 24.6645 131.9 1.10395 0.272727
6 151 4148 32.5425 0.0886836 0.158143 71.0991 48.8276 41.4231 21.863 115.553 1.08031 0.272727
6 152 422 49.2551 0.157572 1.50663 33.9646 63.0436 55.3367 28.5087 159.924 1.49187 0.272727
6 153 4773 57.6732 0.0480328 1.23866 59.5497 51.5328 45.2584 26.8349 138.895 1.54392 0.272727
6 154 2995 50.2356 0.928346 -0.014508 48.4946 45.4596 39.4389 27.1502 105.927 1.05213 0.272727
6 155 3561 36.5447 0.555929 0.200994 41.7001 42.5834 36.9212 18.8369 92.7181 1.09533 0.272727
6 156 3495 48.8516 0.137252 1.54413 37.2789 73.5037 62.589 39.2854 205.665 1.48394 0.272727
6 157 776 47.3685 0.349724 0.515596 47.1382 48.8084 43.5966 25.5895 117.266 1.06811 0.272727
6 158 3749 45.82 0.507054 1.45939 26.9265 66.2441 57.1763 31.3552 175.914 1.50986 0.272727
6 159 2451 49.9604 0.632502 0.683397 34.677 40.7063 34.4197 18.5115 96.1841 1.08588 0.272727
6 160 256 43.0968 0.186145 0.319136 65.7509 61.3223 60.8428 38.6269 195.12 1.49694 0.272727
6 161 4840 33.9803 0.0556625 0.957737 64.4015 76.4745 63.2587 36.675 190.756 1.21866 0.272727
6 162 4032 35.5076 0.938174 0.796166 27.8081 46.4145 45.6467 15.2445 95.194 1.1695 0.272727
6 163 1277 53.004 0.636454 0.724813 32.5192 36.1453 31.4406 14.3458 73.9035 1.0093 0.212121
6 164 3766 36.1486 0.248852 1.00181 35.3054 59.0961 54.3481 24.9789 143.586 1.48686 0.272727
6 165 4322 48.7653 0.936588 -0.352057 64.6427 64.8534 31.1304 72.4285 317.869 1.86859 0.212121
6 166 26 46.555 0.321772 1.63492 27.5372 74.8968 63.9205 36.9195 197.223 1.44967 0.272727
6 167 1047 57.9563 0.512368 1.45993 28.5014 57.8654 45.7164 31.7776 168.961 1.60918 0.272727
6 168 1532 43.3797 0.188633 0.259118 56.7756 41.6223 38.7651 18.6515 101.919 1.08348 0.272727
6 169 4527 29.6859 0.263874 0.00992181 64.4431 74.2713 63.0732 47.4325 228.16 1.55123 0.272727
6 170 4313 30.3092 0.210387 0.483459 38.8215 36.5616 34.6154 10.7532 65.6132 1.18173 0.272727
6 171 595 55.321 0.896135 -1.12731 60.9163 27.0652 8.59012 35.0065 125.993 1.53385 0.212121
6 172 4088 27.6782 0.164713 1.12309 35.9069 75.058 67.2224 25.4144 152.812 1.10964 0.212121
6 173 1307 50.7801 0.289949 0.624447 49.0133 52.0082 43.7024 29.2421 149.294 1.59048 0.272727
6 174 2559 33.2739 0.853568 0.826379 26.4572 46.8353 45.4364 14.7103 91.8655 1.00035 0.212121
6 175 1801 30.8798 0.642386 1.12246 31.5599 93.7666 80.9271 49.3264 248.6 1.29533 0.212121
6 176 2762 55.2933 0.0274787 0.817381 73.8092 30.8463 27.8284 11.1235 64.02 1.0335 0.212121
6 177 1283 40.8094 0.874407 0.0612182 51.7998 64.6334 57.0775 37.7534 202.816 1.57887 0.272727
6 178 2736 31.8452 0.773336 0.862936 33.5835 79.1408 63.4261 39.638 188.776 1.16911 0.272727
6 179 654 28.4861 0.28212 0.831208 31.6892 49.4505 44.1305 13.0121 85.1413 1.13729 0.272727
6 180 27 33.437 0.923887 0.285156 39.5453 57.9758 46.4237 28.1069 129.732 1.02639 0.272727
6 181 2525 35.8805 0.909982 -0.451273 55.1218 54.8025 40.9654 46.0809 200.396 1.67985 0.272727
6 182 647 58.9229 0.840155 -0.345012 71.0003 66.2612 35.1558 75.3006 318.269 1.78027 0.272727
6 183 4961 44.1336 0.0519391 1.43293 45.9433 62.6395 57.1912 23.5526 135.256 1.18373 0.272727
6 184 3661 41.2259 0.396826 0.249822 42.5451 36.1081 35.0525 13.1737 79.2623 1.11784 0.272727
6 185 4152 33.4981 0.9445 -0.296534 60.8352 86.6134 68.5032 63.1596 272.203 1.11597 0.272727
6 186 3486 59.7766 0.35281 0.0104176 71.4221 54.3637 34.0974 47.6711 229.999 1.8347 0.212121
6 187 2671 48.241 0.248371 0.48359 42.6053 33.9242 31.4215 12.338 67.9731 1.00469 0.212121
6 188 2466 57.8975 0.595319 0.383275 45.9637 41.6556 37.6897 24.0169 126.937 1.56482 0.272727
6 189 1620 49.6028 0.573676 -0.0885501 63.7802 55.5038 38.6245 46.101 204.101 1.6916 0.272727
6 190 2866 39.5254 0.571517 0.765038 36.4332 60.1682 51.2171 31.3067 173.866 1.6007 0.272727
6 191 2468 52.7887 0.691423 1.39412 26.6715 57.4245 49.7986 29.3648 161.344 1.59294 0.272727
6 192 4499 39.7767 0.477605 1.24293 32.2251 78.64 66.4372 43.8216 229.991 1.50283 0.272727
6 193 1669 56.7623 0.0506687 1.51994 39.841 45.808 42.6709 14.7691 91.5067 1.09834 0.272727
6 194 890 46.6488 0.731522 0.571084 33.577 37.5689 36.1027 13.5208 84.5054 1.09637 0.272727
6 195 4952 42.9671 0.113604 1.45749 31.2973 55.9323 52.7932 17.524 114.751 1.15777 0.272727
6 196 4528 25.0227 0.30061 1.11798 25.1164 60.7136 57.6296 14.6993 105.648 1.03983 0.212121
6 197 782 51.0407 0.489679 0.887362 29.836 33.0207 30.7806 10.9471 63.3617 1.14022 0.272727
6 198 4532 34.7593 0.946791 0.804022 36.4402 86.3228 68.3523 54.7059 264.523 1.53844 0.272727
6 199 1321 49.1089 0.0455289 1.53636 39.303 51.7264 47.4234 15.3432 99.5562 1.11366 0.272727
6 200 1756 46.8537 0.137764 0.349804 55.2544 34.1498 27.6199 14.1006 68.7835 1.09784 0.272727
6 201 2307 53.1173 0.659417 0.787457 36.4889 47.7438 37.7318 26.8158 141.146 1.60812 0.272727
6 202 1902 38.6504 0.908606 1.13901 31.9003 82.4593 68.0981 52.5797 274.737 1.79283 0.212121
6 203 2057 43.9796 0.460102 0.0367709 67.2883 80.3681 49.071 78.0384 353.796 1.91082 0.212121
6 204 3580 43.2362 0.293496 0.931272 33.3513 43.7551 38.8912 15.2596 85.2708 1.07029 0.272727
6 205 322 45.9737 0.662995 0.121586 45.6639 41.193 34.2257 24.1766 118.535 1.57554 0.272727
6 206 4154 54.2904 0.481233 -1.19917 71.1942 32.0117 8.9025 45.4022 163.214 1.6323 0.212121
6 207 4545 47.0406 0.213667 1.6272 29.8338 71.3515 65.8176 32.1575 175.472 1.35936 0.272727
6 208 2778 35.4223 0.322519 0.489903 48.6223 66.9401 54.893 40.2484 219.519 1.83362 0.212121
6 209 3294 54.7469 0.383835 0.097928 47.506 26.9186 25.7063 11.2934 64.7031 1.37851 0.272727
6 210 1288 36.1767 0.318641 1.38478 29.1863 77.7972 66.7178 33.7858 183.158 1.29792 0.272727
6 211 2588 58.4936 0.322663 0.488097 43.6855 31.4908 26.1376 13.5214 67.1378 1.10207 0.272727
6 212 3816 45.3641 0.491893 0.319445 34.9789 23.5263 23.3027 7.13668 46.5533 1.06841 0.212121
6 213 4563 43.7501 0.866395 -0.180172 47.8281 38.633 32.0458 23.2165 100.255 1.0035 0.272727
6 214 3638 53.9441 0.393274 0.191211 61.968 56.1394 38.4799 42.5089 207.177 1.7006 0.272727
6 215 4910 45.0639 0.0198309 1.46706 58.8556 56.614 52.2071 18.3518 114.607 1.10809 0.272727
6 216 4035 27.2919 0.739912 -0.19031 62.4455 117.077 70.3517 114.672 471.227 1.68361 0.272727
6 217 1791 54.3809 0.0854849 1.60887 39.7048 64.4627 56.3975 31.1194 177.355 1.58805 0.272727
6 218 2461 28.5064 0.141742 0.699269 51.0027 79.0292 63.7134 40.1759 210.431 1.56165 0.272727
6 219 3917 46.4561 0.0903099 1.46692 44.2605 75.0998 64.2413 39.4027 208.962 1.54793 0.272727
6 220 2571 25.2559 0.666984 0.399914 43.2682 94.7292 73.7057 57.1365 254.523 1.35222 0.272727
6 221 2082 54.1942 0.804115 0.781636 30.2499 36.153 33.0517 13.7133 79.7354 0.962863 0.212121
6 222 2885 44.4278 0.706697 1.36673 25.3495 62.6927 55.8549 27.0902 139.402 1.07823 0.272727
6 223 2322 26.02 0.708826 0.69258 25.9153 41.7244 40.0342 10.4928 71.421 1.08845 0.272727
6 224 3153 21.2414 0.412962 -1.35265 74.217 74.6746 33.9132 97.4063 347.905 1.46105 0.30303
6 225 89 49.3102 0.10603 0.846428 52.0972 46.7284 40.437 21.6805 122.083 1.59853 0.272727
6 226 2738 46.7145 0.589162 -0.373844 62.076 50.1484 31.1058 39.1056 194.102 1.6924 0.272727
6 227 25 27.4943 0.170298 0.158289 54.6193 50.0458 46.3102 20.9045 114.975 1.0268 0.272727
6 228 1526 46.6298 0.774037 -0.337224 52.9982 35.8295 28.4532 25.1792 127.307 1.7518 0.212121
6 229 3228 58.7977 0.409042 0.684041 39.2654 36.9262 31.1257 18.2673 102.93 1.74393 0.212121
6 230 4384 42.5152 0.622502 -0.070591 49.1228 42.3127 36.5879 22.5451 119.882 1.60514 0.272727
6 231 1379 34.4951 0.786779 -1.03544 53.3816 22.515 13.366 22.189 84.5569 1.11367 0.272727
6 232 1435 48.2721 0.141384 1.44963 34.6186 60.2767 54.6259 26.7207 155.132 1.5938 0.272727
6 233 330 58.4129 0.156674 0.917219 53.5252 54.191 40.9918 34.1028 178.647 1.68889 0.272727
6 234 3514 46.8495 0.105913 1.14531 37.5748 41.8483 37.3241 13.4547 79.9578 1.02685 0.272727
6 235 598 56.3319 0.638014 0.45083 34.9722 25.5734 22.8122 10.0314 53.2373 1.12387 0.272727
6 236 777 56.4517 0.575528 1.42752 27.2316 55.9866 47.9649 29.318 162.706 1.65252 0.272727
6 237 1539 20.978 0.169375 0.711697 38.5268 64.9516 63.5379 17.6494 122.48 1.03397 0.212121
6 238 4957 56.6049 0.101326 1.55122 32.6764 48.4078 46.0505 16.4075 96.8596 0.939729 0.212121
6 239 2638 52.3608 0.187916 0.249604 60.4933 40.6182 30.9845 25.841 127.259 1.78494 0.212121
6 240 4949 33.8513 0.620865 1.24683 28.0083 82.0928 71.6631 39.3616 208.225 1.35474 0.272727
6 241 846 39.9557 0.0822193 1.5999 37.2407 80.6707 69.9202 35.1947 196.16 1.42143 0.272727
6 242 2419 38.8003 0.339049 1.26675 30.6131 67.1541 58.6463 28.4166 171.377 1.60048 0.272727
6 243 703 42.0545 0.0403297 1.54823 54.8024 83.8226 72.5483 40.976 215.741 1.34672 0.272727
6 244 1015 40.7441 0.437887 0.882175 42.2269 76.3466 55.0194 49.9296 247.996 1.72699 0.272727
6 245 577 54.1035 0.217915 1.08221 45.3072 61.3389 47.2536 41.1005 210.377 1.87832 0.212121
6 246 2773 28.9577 0.423381 1.10177 28.8959 70.2486 66.9132 24.6455 149.399 1.31033 0.272727
6 247 2676 44.1379 0.165211 1.55151 35.2373 81.3681 69.4419 43.6349 228.367 1.5435 0.272727
6 248 4900 51.9492 0.279898 0.837981 37.9786 39.3368 36.2389 15.5764 79.5586 0.99963 0.272727
6 249 4436 28.0666 0.533158 0.173446 50.5357 83.0698 73.5678 45.2799 230.087 1.27548 0.272727
